--
-- PostgreSQL database dump
--

-- Dumped from database version 13.2
-- Dumped by pg_dump version 13.2

-- Started on 2021-04-17 02:24:16

SET statement_timeout = 0;
SET lock_timeout = 0;
SET idle_in_transaction_session_timeout = 0;
SET client_encoding = 'UTF8';
SET standard_conforming_strings = on;
SELECT pg_catalog.set_config('search_path', '', false);
SET check_function_bodies = false;
SET xmloption = content;
SET client_min_messages = warning;
SET row_security = off;

--
-- TOC entry 3013 (class 0 OID 16396)
-- Dependencies: 200
-- Data for Name: vacancies_id; Type: TABLE DATA; Schema: public; Owner: admin
--

COPY public.vacancies_id (id) FROM stdin;
4095490
4694457
6555939
8184005
9465677
9465691
9510884
9718666
10098101
10176972
11445422
11704791
12155000
12651920
12651926
13510836
13511016
13511263
13514882
13528318
13994278
14114198
14340185
14471665
14526956
14567110
14659840
14659851
14694668
14782949
14820007
15276797
15494380
15494387
15499799
15507151
15507195
15518045
15538105
15538115
15644957
15789933
16024528
16093139
16093316
16110332
16110340
16111195
16111210
16111971
16142474
16333473
16333482
16421124
16445489
16449260
16477550
16481283
16487878
16504527
16524339
16524343
16524349
16524357
16525785
16558983
16897422
16897426
16897517
16949989
17263535
17263713
17263992
17407308
17503744
17540668
17540790
17908652
17913733
17987111
18177015
18330133
18470912
18543338
18562648
18782702
18980321
18981439
19075115
19080392
19087587
19094169
19176143
19186914
19190227
19246504
19285865
19389148
19453547
19503786
19541485
19559837
19608463
19610025
19616494
19708702
19835113
19855498
19873107
19999445
20075664
20077449
20120535
20155035
20313772
20331334
20383344
20383609
20388691
20422537
20436447
20458455
20731337
20775091
20842861
20905599
21300344
21714125
21736251
21736396
21803726
21805242
21942012
21959784
21962276
21981444
21989980
22026701
22056926
22088646
22089262
22089555
22089648
22113389
22157306
22221016
22262201
22280305
22293031
22354778
22382423
22383380
22392798
22416573
22435641
22461835
22469191
22492848
22494957
22497679
22497685
22497688
22505374
22561745
22613373
22619212
22633221
22633252
22644786
22680001
22681041
22681320
22682483
22688031
22722429
22750239
22793994
22794018
22794050
22794787
22802647
22908012
22931391
22979451
22979466
22994982
22997140
23002910
23004200
23007170
23027078
23027328
23040448
23042611
23061110
23061309
23062336
23062713
23069692
23072496
23072572
23074360
23074476
23075672
23078320
23079404
23083914
23084004
23087001
23087312
23090789
23091061
23094190
23094306
23096149
23096934
23097714
23098257
23119632
23156530
23179361
23179485
23254179
23254846
23286471
23367155
23367293
23374502
23374514
23390502
23397837
23438663
23473091
23475208
23500938
23505515
23563033
23591821
23591990
23603941
23628647
23667053
23678383
23700008
23772422
23780683
23795691
23820790
23863827
23880777
23880812
23880838
23880859
23880872
23880886
23880936
23881874
23881878
23900150
23922023
23928945
23928951
23928954
23987850
23987851
23987852
23987853
23988032
23988041
23988044
24020241
24020691
24050490
24106881
24106969
24107050
24111093
24112816
24113739
24114158
24116813
24199609
24203660
24207239
24207251
24212175
24214873
24234806
24253800
24263689
24288381
24291277
24297844
24312964
24315711
24316436
24317512
24318680
24318711
24318859
24325711
24325772
24334748
24340175
24343781
24344788
24454593
24458716
24472623
24472624
24472625
24472626
24472627
24472628
24472630
24472631
24472632
24472634
24472635
24472640
24472645
24472647
24472648
24472650
24472654
24472658
24472660
24472661
24472663
24472666
24472667
24472668
24472671
24473102
24473104
24473105
24530378
24579638
24591334
24591341
24591343
24591344
24591345
24591347
24592465
24616052
24678034
24712821
24720534
24761369
24761394
24771492
24771574
24771622
24772222
24772225
24773409
24776074
24785798
24792705
24796177
24837868
24841650
24846309
24847731
24850686
24851449
24868756
24936100
24976281
25009008
25018369
25109044
25110532
25115414
25116076
25121290
25129470
25147190
25149810
25152889
25169126
25227294
25234307
25246962
25258120
25273366
25276826
25289204
25292468
25304092
25333462
25381554
25394482
25413882
25444742
25445026
25445028
25445029
25445033
25454546
25488550
25490618
25513796
25539020
25580411
25612448
25625238
25635199
25652264
25664698
25684653
25747037
25754091
25758830
25815975
25827004
25829244
25838909
25868683
25871523
25871524
25871525
25871526
25871527
25871528
25871529
25871530
25871531
25871532
25871533
25871534
25871535
25871536
25871537
25871538
25871539
25871540
25871541
25871542
25871544
25871545
25871546
25871547
25871548
25871549
25871550
25871551
25871552
25871553
25871554
25871555
25871556
25871557
25871558
25871559
25871560
25871561
25871562
25871563
25871564
25871565
25871566
25871567
25871568
25871569
25871570
25871571
25871572
25871573
25907215
25922567
25922595
25932063
25945859
25945900
25978701
25985863
25989126
25997268
26056490
26092196
26095828
26095829
26095830
26103088
26105277
26106901
26119901
26131091
26133511
26157042
26166587
26166888
26166904
26166945
26166952
26212752
26213629
26214241
26217774
26218086
26223028
26228599
26232776
26233858
26241414
26280954
26281151
26295696
26298599
26298983
26299238
26299341
26299449
26299719
26299851
26300111
26304908
26305967
26307144
26307162
26307224
26307339
26307353
26329822
26342442
26342760
26353138
26366796
26395423
26402935
26454958
26473357
26478862
26484994
26490196
26499389
26499636
26499660
26500685
26500687
26518877
26528356
26528375
26528398
26562425
26563334
26567425
26569942
26569943
26570068
26570069
26576194
26582431
26592947
26593945
26593982
26613776
26636052
26662707
26668585
26669374
26673123
26691247
26691253
26691435
26713213
26728285
26733108
26734185
26734378
26751934
26752028
26752029
26752030
26752031
26752032
26752033
26752034
26752035
26752036
26752037
26752038
26752039
26752040
26752041
26752042
26752043
26752045
26752046
26752047
26752048
26752049
26752050
26752051
26752052
26752054
26752055
26752056
26752058
26752059
26752060
26752061
26752062
26752063
26752064
26752065
26752066
26752067
26752068
26752069
26752070
26752071
26752072
26752073
26752074
26752075
26752076
26752077
26752133
26752134
26752135
26752136
26752139
26752140
26752141
26752142
26752143
26752144
26752145
26752147
26752148
26752151
26752152
26752154
26752155
26752157
26752158
26752159
26752161
26752162
26752164
26752165
26752166
26752167
26752169
26752170
26752171
26752172
26752173
26752174
26752175
26752176
26752177
26752178
26752179
26752180
26752181
26752182
26752235
26752236
26752237
26752240
26752244
26752245
26752246
26752248
26752249
26752250
26752251
26752252
26752255
26752256
26752257
26752259
26752261
26752262
26752266
26752267
26752268
26752271
26752272
26752273
26752274
26752276
26752277
26752278
26752280
26752281
26752282
26752283
26762128
26763133
26768188
26781217
26785253
26788947
26790274
26800142
26806718
26818670
26820777
26827430
26852183
26864056
26864852
26872359
26884751
26906110
26907588
26908255
26917933
26949603
26949604
26949605
26950445
26957163
26957166
27001799
27021357
27042422
27059774
27085027
27108527
27121055
27130659
27154958
27186290
27189555
27193466
27200678
27204119
27213832
27213888
27232890
27256825
27298288
27299194
27314678
27335873
27337289
27344576
27353067
27367495
27372140
27384702
27420394
27424277
27433071
27451223
27454944
27460534
27469500
27469567
27470437
27501878
27531482
27540409
27541306
27562595
27567909
27581840
27581927
27581949
27581952
27582978
27586945
27592445
27603501
27619734
27648942
27669475
27713514
27713515
27713516
27713517
27713518
27713519
27713521
27713522
27713524
27713525
27735272
27752777
27757740
27765200
27765240
27767617
27782263
27790424
27800478
27815472
27823102
27823103
27828299
27829310
27831863
27839207
27845296
27851275
27857971
27866283
27896035
27903564
27911226
27911227
27911228
27911231
27911232
27911234
27911235
27911237
27911238
27911239
27911245
27911248
27911250
27915007
27915757
27915894
27940286
27940453
27964328
27964909
27964929
27964995
27965850
27975681
27983902
27994229
27999596
27999599
28004004
28004520
28006178
28006195
28006268
28044663
28047819
28047856
28047911
28047930
28050035
28075064
28075156
28075482
28075549
28075591
28075608
28084481
28087154
28100397
28104155
28104169
28104177
28104189
28104199
28104215
28104224
28104255
28104256
28104257
28104258
28104259
28104260
28104261
28104262
28104263
28104264
28104265
28104266
28104267
28104268
28104269
28104270
28104271
28104272
28104273
28104274
28104276
28104277
28104278
28104279
28104280
28104281
28104282
28104283
28104284
28104285
28104286
28104287
28104288
28104289
28104290
28104291
28104292
28104293
28104294
28104295
28104296
28104297
28104298
28104299
28104300
28104301
28104302
28104303
28104304
28104305
28111128
28111144
28123293
28123298
28123302
28123308
28123318
28124594
28127145
28133147
28133170
28137094
28139165
28139181
28139190
28139200
28139212
28139225
28141795
28141797
28141801
28141802
28141813
28142818
28142819
28142823
28142824
28149998
28150046
28150123
28161348
28163901
28169585
28176731
28176887
28192147
28197787
28200105
28200646
28212853
28213291
28213345
28215017
28231777
28248943
28248978
28255682
28257617
28259290
28261603
28261846
28261847
28261848
28261849
28261851
28261852
28261853
28261854
28261855
28261856
28261857
28261858
28262296
28285481
28311486
28319861
28330611
28331534
28333178
28333327
28333587
28333861
28333889
28333926
28333939
28334506
28336368
28336485
28336610
28336658
28340715
28351710
28355368
28355444
28355909
28379322
28379327
28382325
28383067
28387446
28408186
28417466
28429144
28442910
28442931
28447150
28461650
28471593
28472405
28495069
28521028
28565711
28585108
28600149
28600150
28600187
28600188
28600295
28600296
28604089
28604090
28604145
28604146
28609102
28609205
28611442
28618762
28643607
28668903
28674388
28703999
28716045
28716251
28716913
28717438
28719862
28721165
28721664
28725115
28725285
28725332
28726067
28726328
28745725
28749067
28749905
28750112
28758599
28758652
28760649
28776029
28778044
28780041
28787187
28788190
28789689
28789731
28789774
28800703
28803594
28810664
28833945
28840586
28858508
28862007
28864567
28879519
28895782
28906750
28910124
28916895
28943229
28958893
28960880
28970051
28981445
29006053
29010155
29013672
29016818
29040590
29046586
29057726
29062118
29082258
29131482
29131483
29131484
29131485
29131486
29131487
29131488
29131489
29131490
29131494
29131496
29131497
29131498
29131499
29131500
29131501
29131502
29131503
29131504
29131505
29131507
29131508
29131509
29131511
29131512
29131513
29131514
29131515
29131516
29131517
29131518
29131519
29131520
29131521
29131522
29131523
29131524
29131525
29131526
29131527
29131528
29131529
29131530
29131531
29135249
29180519
29198545
29212842
29212996
29213022
29213243
29213554
29215607
29220264
29220307
29268000
29268305
29268436
29272057
29286461
29289710
29289712
29289737
29291591
29304116
29306615
29307707
29319877
29320321
29321397
29321497
29323707
29323728
29327955
29329126
29330573
29340662
29346867
29353576
29355137
29355520
29357131
29369999
29372507
29380555
29394795
29398269
29400533
29413654
29436269
29450385
29450622
29459494
29491072
29491219
29499648
29500340
29502303
29511955
29513684
29513694
29513697
29513699
29513744
29513746
29513748
29513751
29513752
29513754
29513755
29513756
29513757
29513758
29513759
29513781
29513782
29513783
29513786
29513795
29513797
29513800
29513801
29513805
29513809
29513810
29513812
29513815
29513817
29513819
29513820
29513821
29513822
29513869
29513871
29513872
29513873
29513876
29513877
29513884
29513885
29513889
29513892
29513893
29513896
29513899
29513900
29513903
29513904
29513907
29513908
29513909
29513910
29513913
29513918
29513922
29513924
29513925
29513930
29513931
29513932
29513935
29513936
29513937
29513938
29513939
29513940
29513944
29513946
29513947
29518123
29518137
29524836
29525876
29549651
29551318
29555082
29558265
29567417
29568205
29570639
29572423
29580965
29587426
29597027
29616393
29622662
29626291
29631916
29632598
29650764
29655025
29655045
29656837
29658310
29668920
29669856
29669857
29669858
29669859
29669860
29669861
29669862
29669863
29669864
29669865
29669866
29669867
29669868
29669869
29669870
29669871
29669872
29669972
29670026
29670027
29670028
29670029
29670030
29670031
29670032
29670033
29670034
29670035
29670036
29670037
29670038
29670039
29670040
29670041
29670042
29690299
29690300
29690301
29690355
29690356
29690357
29693213
29699047
29701412
29703409
29707317
29709712
29722122
29727630
29727812
29727820
29731832
29773700
29776081
29792284
29795111
29796978
29797509
29800699
29800811
29805631
29815253
29832904
29850358
29860150
29865356
29869260
29869711
29869769
29881963
29887649
29887650
29887651
29889740
29903301
29907233
29911294
29912742
29922007
29926063
29939934
29948299
29953197
29955005
29957850
29967355
29969703
29969704
29969780
29969781
29969784
29969861
29969863
29969865
29969867
29969869
29970067
29973430
29973440
29974821
29986617
29990055
29990097
29990126
29997000
29997030
29999894
30000795
30005963
30009711
30022696
30029736
30037400
30044355
30048325
30048573
30048601
30062049
30062534
30088301
30096287
30096927
30097138
30097470
30097904
30103382
30107688
30107743
30108091
30110441
30122928
30130462
30133554
30138172
30139753
30152598
30153746
30161640
30171886
30175817
30185978
30192445
30195287
30198177
30202910
30215445
30217033
30232269
30233532
30240628
30244077
30244391
30245234
30252811
30264970
30266017
30267618
30267624
30267633
30267634
30267645
30267650
30267653
30267661
30267662
30267664
30267665
30268707
30277791
30280170
30293821
30294241
30301345
30314313
30316377
30317569
30320645
30321452
30326376
30332461
30333157
30333303
30363066
30374512
30380074
30386110
30392143
30394463
30417194
30421947
30442697
30442878
30443686
30446389
30449391
30449590
30450455
30457441
30460951
30486170
30501406
30513074
30513263
30516025
30516948
30516954
30517225
30520940
30522087
30522346
30525192
30525461
30532770
30533302
30533418
30547996
30548119
30550049
30556221
30556242
30556268
30556385
30556395
30556401
30556405
30556413
30556421
30556427
30556439
30562807
30571190
30571307
30581810
30582626
30583131
30585231
30586105
30588401
30590384
30592030
30595747
30595754
30597293
30598541
30598986
30610460
30612075
30625542
30630016
30639131
30639630
30644004
30649371
30651937
30652784
30657662
30658084
30667876
30668125
30671947
30681106
30686243
30695596
30702009
30706163
30708512
30712163
30723417
30725695
30729158
30741942
30749737
30764101
30764906
30765823
30774395
30775718
30776080
30780293
30782298
30782333
30782409
30791822
30792905
30792906
30796185
30803281
30808248
30815297
30821128
30826254
30828253
30828556
30833097
30833613
30836376
30837418
30838745
30842054
30842180
30851355
30869397
30872083
30873269
30876734
30879797
30883127
30883375
30891387
30892568
30892627
30899512
30907291
30907292
30911826
30916088
30919785
30921745
30925946
30926618
30944839
30949071
30956612
30964298
30973932
30974768
30976729
30978693
30989231
30992505
31004896
31008601
31008614
31012754
31016301
31017795
31027599
31031678
31033447
31033898
31034063
31041567
31041848
31042743
31046973
31056649
31056912
31056932
31060510
31060740
31061804
31068114
31069427
31086711
31090389
31090709
31090740
31090865
31098453
31099569
31100838
31105149
31105983
31108649
31110254
31112554
31113983
31114222
31129012
31130247
31130907
31137350
31137409
31137455
31142785
31142790
31154563
31155966
31157107
31158626
31161973
31169973
31170109
31170448
31171774
31171791
31171845
31171846
31173534
31176405
31176545
31179722
31184011
31184455
31186299
31194206
31196771
31196828
31196834
31196844
31196859
31199152
31201337
31201673
31205072
31215374
31215807
31220714
31221601
31227127
31229207
31236944
31240458
31242264
31244298
31245688
31246200
31251955
31252666
31255353
31258225
31259627
31259680
31263045
31265251
31267164
31267213
31275321
31276736
31276746
31285664
31294414
31296094
31296144
31296238
31296286
31297592
31305961
31306441
31310404
31310553
31310729
31319515
31330232
31330266
31330275
31330276
31330277
31330278
31330280
31330281
31330282
31330283
31330284
31330285
31330286
31330287
31330288
31330289
31330290
31330291
31330292
31330293
31330294
31330295
31330296
31330297
31330298
31330299
31330300
31330301
31330302
31330303
31330305
31330306
31330307
31330308
31330309
31330310
31330312
31330313
31330314
31330315
31330864
31330880
31330891
31330894
31330930
31330937
31332805
31334376
31335207
31335249
31335956
31338469
31338737
31341143
31342317
31348872
31350785
31351450
31361499
31364469
31376533
31376863
31379640
31381976
31382529
31390545
31395559
31395561
31395564
31395565
31395566
31395570
31395573
31395577
31395580
31395583
31395586
31395587
31395590
31395594
31395606
31395608
31395612
31401462
31401652
31403483
31408371
31411176
31429963
31435546
31435550
31435558
31444685
31446751
31448241
31451918
31457798
31458321
31466617
31470405
31471950
31472561
31475347
31475443
31486370
31489365
31493521
31495569
31495876
31502349
31503725
31520316
31526774
31533410
31540008
31542970
31543331
31550100
31556082
31556179
31557427
31562127
31562370
31564676
31570448
31571439
31574333
31579885
31591687
31595922
31596302
31599419
31600096
31601204
31611048
31612279
31612361
31613097
31613720
31616737
31617185
31621150
31624176
31624623
31634865
31642986
31644782
31659191
31666471
31671682
31673822
31678772
31685179
31685520
31687518
31694950
31696307
31703427
31703428
31703429
31725234
31728522
31743190
31746015
31756730
31772328
31779327
31779932
31780687
31789485
31791280
31802030
31811690
31823361
31842819
31843869
31844338
31846045
31853463
31857227
31859799
31868164
31873498
31874029
31874151
31880198
31881681
31883136
31883147
31883713
31888227
31896413
31911215
31912652
31912968
31913189
31913973
31920165
31920303
31920620
31921940
31923141
31925608
31925610
31931423
31934721
31934725
31937796
31938811
31940358
31940455
31943402
31947177
31947837
31950865
31952866
31966921
31971767
31976496
31980198
31983924
31983930
31985633
32010272
32020320
32023884
32024475
32025452
32025472
32032844
32033305
32036712
32036846
32039902
32045220
32047018
32050596
32053545
32057706
32057856
32062759
32070425
32073785
32078057
32084305
32087560
32093999
32100276
32102944
32102945
32102946
32102947
32102948
32102949
32102950
32102951
32102955
32102956
32102957
32102958
32102959
32102960
32102961
32102962
32102963
32102964
32102965
32105689
32119162
32121888
32121935
32121986
32122028
32122086
32122109
32122123
32122156
\.


-- Completed on 2021-04-17 02:24:17

--
-- PostgreSQL database dump complete
--

